	Pert_2	Pert_7	Pert_9	hdf_day15	hdf_day25_CD49F
TMSB4X	0.0	0.0	0.0	-0.298985414146	-0.361243322126
LGALS1	-1.0	-1.0	-1.0	-0.302651673985	-0.339077764466
FTL	0.0	0.0	0.0	-0.33990115663	-0.286363245061
VIM	0.0	0.0	0.0	-0.238244203642	-0.15284192127
S100A6	0.0	0.0	0.0	0.140923058531	0.197740355974
CST3	0.0	0.0	0.0	0.103090841876	0.203813940366
ACTB	0.0	0.0	0.0	-0.141957690813	-0.156132329994
SPARC	0.0	0.0	0.0	0.118589278788	0.177073761007
SERPINE2	-1.0	-1.0	-1.0	-0.156948796299	-0.132435736698
CLU	1.0	-1.0	0.0	0.106928873721	0.177162610237
ARNT	0.0	0.0	0.0	-0.142867026365	-0.11787291275
COL3A1	0.0	-1.0	0.0	0.138647646932	0.113033009508
MIR1282	0.0	0.0	0.0	0.134177085682	0.112742078616
EEF1A1	0.0	0.0	0.0	0.168725069416	0.0745259065663
TGFBI	-1.0	0.0	-1.0	-0.128836726686	-0.113587236064
CLEC3B	0.0	0.0	0.0	0.10668386489	0.116578731207
CD9	1.0	0.0	1.0	0.107099141815	0.113000057476
LPCAT2	0.0	0.0	0.0	-0.117936047057	-0.0939428478019
GSN	0.0	0.0	0.0	0.0665029841849	0.130047019589
MMP1	0.0	0.0	0.0	-0.103564932408	-0.0885269503033
COL6A1	0.0	0.0	0.0	0.111162548959	0.0760950532209
FTH1	0.0	0.0	0.0	-0.108488906105	-0.0780987562916
PKM	0.0	0.0	0.0	-0.0955127564447	-0.0866945797555
HTRA1	0.0	0.0	0.0	-0.0955214095984	-0.0743856252239
ACTG1	0.0	0.0	0.0	-0.083024808421	-0.0826394851558
MT2A	0.0	0.0	0.0	0.104507961647	0.057132656465
THBS1	0.0	0.0	0.0	-0.0846581483092	-0.0759971214988
DCN	1.0	0.0	0.0	0.0415439308897	0.110688089262
HSP90B1	0.0	0.0	0.0	-0.0790692780696	-0.0652479226247
ANXA1	0.0	0.0	-1.0	0.0573941496241	0.0851134575292
MMP3	0.0	0.0	0.0	-0.0748733417324	-0.0674787021294
ITGB1	0.0	0.0	0.0	-0.0664349121225	-0.0734275710939
TMSB10	0.0	0.0	0.0	-0.0442758656873	-0.0875927314057
PSAP	0.0	0.0	0.0	0.0586716585209	0.071965907185
CLDN11	0.0	0.0	0.0	-0.0665377040034	-0.0627648607671
CFL1	0.0	0.0	0.0	-0.0647999458939	-0.0622596182267
CFD	1.0	0.0	0.0	0.047040035353	0.0779467071187
GREM1	0.0	0.0	0.0	-0.0660307825625	-0.058074675206
S100A10	0.0	0.0	0.0	0.0566109652779	0.0674110064159
GAS6	0.0	0.0	0.0	-0.0624516946211	-0.0605834432342
RPLP0	0.0	0.0	0.0	0.0629837411904	0.0589294185077
CAV1	0.0	0.0	0.0	0.0661953448154	0.055350408365
S100A3	0.0	0.0	0.0	0.0729866416753	0.0485245341088
APLP2	0.0	0.0	0.0	-0.0632510309726	-0.0580613390919
MIR3648	0.0	0.0	0.0	0.0910415780401	0.0299134078075
IGFBP6	0.0	0.0	0.0	0.0549660788317	0.0620194697768
CPA4	0.0	0.0	0.0	0.0645185165111	0.0482801393695
MIR6084	0.0	0.0	0.0	-0.0758738760663	0.185980590698
RPS6	0.0	0.0	0.0	0.0693296332216	0.038480726338
SOD2	1.0	1.0	1.0	0.0537747035182	0.0487637142668
TAGLN	0.0	0.0	0.0	-0.0586247045218	-0.0434951115944
SNORD23	0.0	0.0	0.0	-0.05109096163	-0.0508386093327
FBLN1	0.0	0.0	0.0	0.0464144257031	0.0545451043641
LDHA	0.0	0.0	0.0	-0.0442524405846	-0.0472470910969
LOC100130872	0.0	0.0	0.0	-0.0488321466746	-0.0422596348124
RPL41	0.0	0.0	0.0	0.061173098785	0.0287715506895
RPS2	0.0	0.0	0.0	0.0556179985392	0.0340939145609
RPS27	0.0	0.0	0.0	0.0474342648584	0.041722903687
EIF4A2	0.0	0.0	0.0	-0.0447588576833	-0.0431280548124
COL1A1	0.0	0.0	0.0	0.0138115685597	0.0738204734269
RPS4X	0.0	0.0	0.0	0.0483097118304	0.0386803653585
CD63	0.0	0.0	0.0	-0.0417019213039	-0.0433673111515
RPL3	0.0	0.0	0.0	0.0465435190996	0.0375475047571
RPL4	0.0	0.0	0.0	0.0531141923245	0.0307783393389
CALR	0.0	-1.0	0.0	-0.0379770479226	-0.0457556716739
SERPINE1	0.0	0.0	0.0	0.0427608760288	0.0405308311536
C18ORF32	0.0	0.0	0.0	0.0546224908899	0.0284910992137
GLUL	1.0	1.0	1.0	0.0467620692752	0.0355868809638
COL1A2	0.0	0.0	0.0	-0.0579203668722	-0.0230437799459
PPAP2B	0.0	0.0	0.0	0.036568239917	0.0442528561998
PFN1	0.0	0.0	0.0	-0.0345718962623	-0.0438139772128
TUBA1B	0.0	0.0	0.0	-0.0318513073575	-0.0452031491769
GJA1	0.0	0.0	0.0	-0.0434160831529	-0.0334431629045
MYL6	0.0	0.0	0.0	-0.034457604061	-0.0422718635726
RPS3A	0.0	0.0	0.0	0.0518318282517	0.0242203464715
TPM1	-1.0	-1.0	-1.0	-0.0417905439371	-0.0341635737159
P4HB	0.0	0.0	0.0	-0.0381786868767	-0.0366621563415
S100A11	0.0	0.0	0.0	-0.0362318240136	-0.0377546967972
APP	0.0	0.0	0.0	-0.0376654717427	-0.0348128768141
CCND1	0.0	0.0	0.0	-0.0379023643532	-0.0341597841887
THY1	0.0	0.0	0.0	0.0435428842609	0.0284859338255
ADIRF	0.0	0.0	0.0	0.0325085980711	0.038802860948
RPL26	0.0	0.0	0.0	0.0484183643744	0.0218119646018
RPS25	0.0	0.0	0.0	0.0422195352878	0.0271383640481
MT1E	0.0	0.0	0.0	0.0424713539912	0.025815805462
TPM2	0.0	0.0	0.0	-0.0343517482536	-0.0337406864477
SNORA67	0.0	0.0	0.0	0.0352247559219	0.0318020479556
RPS12	0.0	0.0	0.0	0.0436298358562	0.0226093519398
RPL5	0.0	0.0	0.0	0.0400237727848	0.0250237099706
PPIB	0.0	0.0	0.0	-0.0333285164892	-0.0316465693288
PSG5	0.0	0.0	0.0	-0.034591997853	-0.0303285807684
CTSZ	0.0	0.0	0.0	-0.0347525272169	-0.0286702588184
ANXA2	0.0	0.0	0.0	0.0406606233595	0.0225142374463
COL6A3	0.0	0.0	0.0	0.0267004446695	0.0342130702795
RHOB	0.0	0.0	1.0	0.0282299295931	0.032371426675
TIMP2	0.0	0.0	0.0	-0.0353039796513	-0.0241126000334
DUSP1	0.0	1.0	1.0	0.0343529841085	0.0245763915985
GNAS	0.0	0.0	0.0	-0.0320338089648	-0.0263721292805
RPL12	0.0	0.0	0.0	0.0365482990028	0.0217327541696
MEST	0.0	0.0	0.0	0.0239781810928	0.0342349218782
SBSN	0.0	0.0	0.0	0.0233621282639	0.0342252865263
MIR4426	0.0	0.0	0.0	0.0391350422545	0.0184429088827
RPL18A	0.0	0.0	0.0	0.0362094567212	0.0212667048628
RPL21	0.0	0.0	0.0	0.042540612579	0.014741374921
C12ORF75	0.0	0.0	0.0	-0.0275994705888	-0.029240147273
BZW1	0.0	0.0	0.0	0.0337352204998	0.0224850615586
RPL35A	0.0	0.0	0.0	0.0397988727949	0.0160002784398
COL5A1	0.0	0.0	0.0	0.0270266590913	0.0282076644489
RPL11	0.0	0.0	0.0	0.0415850289222	0.0135066989672
RPL7	0.0	0.0	0.0	0.038671801306	0.0163595057674
MYL9	0.0	0.0	0.0	-0.028114238084	-0.0261263722183
MIR4709	0.0	0.0	0.0	-0.0293970365338	-0.0244610310497
RPL31	0.0	0.0	0.0	0.0342794143048	0.0192981936053
RPL7A	0.0	0.0	0.0	0.0332492669903	0.0200225536474
ITGA5	0.0	0.0	0.0	0.0303587652445	0.0221319927203
RPL30	0.0	0.0	0.0	0.0348300726262	0.0175704139817
GPX1	0.0	0.0	0.0	-0.0274130020298	-0.0248210070853
RPS13	0.0	0.0	0.0	0.039647225556	0.0124188200093
IFITM3	0.0	0.0	0.0	0.0203014005602	0.031532681886
RPL6	0.0	0.0	0.0	0.0362412026098	0.0154131914392
TIMP1	0.0	0.0	0.0	0.0	0.0511403525598
MGP	0.0	0.0	0.0	0.0120380745001	0.0390684415257
RPS15A	0.0	0.0	0.0	0.0398001453312	0.0111728730663
NME1	0.0	0.0	0.0	-0.0209776863474	-0.0296565245642
RPS8	0.0	0.0	0.0	0.0342070976828	0.0163107326419
OAZ1	0.0	0.0	0.0	-0.0261734077568	-0.0234639227082
S100A13	0.0	0.0	0.0	-0.0268351431539	-0.0221293934258
CRLF1	0.0	0.0	0.0	0.0190026741331	0.0298343681074
KRT7	0.0	0.0	1.0	0.0263506452669	0.0223976202127
EEF2	0.0	0.0	0.0	0.0168778787527	0.0318234981471
CALM2	0.0	0.0	0.0	-0.0201208519172	-0.0284598008463
PEA15	0.0	0.0	-1.0	-0.0241016521034	-0.0238131754609
CHPF2	0.0	0.0	0.0	-0.0139632167106	-0.0337724556599
MMP14	0.0	0.0	0.0	-0.0250059925426	-0.0225909551525
RPS24	0.0	0.0	0.0	0.0396477686939	0.0077453806931
RPL24	0.0	0.0	0.0	0.0331225816667	0.0141174023471
BRI3	0.0	0.0	0.0	-0.0233847199483	-0.0236457202941
IFITM2	0.0	0.0	0.0	0.0203563468339	0.0265734758988
HSD11B1L	0.0	0.0	0.0	0.0333218279477	0.0136007042485
ADM	0.0	0.0	0.0	-0.0250405532	-0.0217287655942
RPL39	0.0	0.0	0.0	0.0341812358298	0.0112445896473
LY6E	0.0	0.0	0.0	-0.02408708892	-0.0209002402189
RPS29	0.0	0.0	0.0	0.0384696956723	0.00648887957947
MFI2	0.0	0.0	0.0	0.021811902962	0.0230102319661
RPL29	0.0	0.0	0.0	0.0283769863235	0.0162703043016
KCNMA1	0.0	0.0	0.0	0.021859249568	0.0226275123496
TPM4	0.0	0.0	0.0	-0.0168713206542	-0.0274936384262
MIR1304	0.0	0.0	0.0	0.0340285251626	0.0101428660325
PYGB	0.0	0.0	0.0	0.0223362474971	0.0215425121867
RPL10A	0.0	0.0	0.0	0.025407074845	0.018395643594
WISP2	0.0	0.0	0.0	0.0150038447678	0.0286490558989
PTMS	0.0	0.0	0.0	-0.0226040891701	-0.0209400558722
CALD1	0.0	0.0	0.0	-0.0224725869037	-0.0203966504543
CEMIP	0.0	0.0	0.0	-0.0215362585176	-0.021227667885
RPL13A	0.0	0.0	0.0	0.0287001478355	0.0138346988527
RND3	0.0	-1.0	-1.0	-0.0215691953108	-0.0205414099023
ECM1	0.0	0.0	0.0	0.0158121695214	0.0262757611889
ATF4	0.0	0.0	0.0	0.0180309593523	0.0240452530137
SNORA24	0.0	0.0	0.0	-0.0240228910034	-0.0180392105387
MIR7705	0.0	0.0	0.0	0.0217564311731	0.0199713209787
SNORA70	0.0	0.0	0.0	-0.0207153713494	-0.0205040172058
LAMP1	0.0	0.0	0.0	-0.0210088752648	-0.0200631993557
TUBA1A	0.0	0.0	0.0	-0.0212968191869	-0.0195261182342
ENPP2	0.0	0.0	0.0	-0.0188269836399	-0.0215051707133
EMP3	-1.0	0.0	0.0	0.0161363292289	0.0233075105417
VAT1	0.0	0.0	0.0	-0.0200737368704	-0.01928334705
MOXD1	0.0	0.0	0.0	-0.0205856967152	-0.0186060080528
CDK2AP1	0.0	0.0	0.0	-0.0203270170385	-0.0187252690066
ATP5E	0.0	0.0	0.0	-0.0149710674269	-0.0236220275814
LUM	1.0	0.0	0.0	-0.0223379595518	-0.0161736625235
FKBP9	0.0	0.0	0.0	-0.02059622423	-0.0175984131468
NT5E	0.0	0.0	-1.0	-0.0190649628128	-0.0188367443942
FAM20C	0.0	0.0	0.0	-0.0192234180994	-0.0186665612654
UBB	0.0	0.0	0.0	-0.0194330732553	-0.0181155073487
TMEM119	0.0	0.0	0.0	-0.0180348592101	-0.0194547714257
IGFBP3	-1.0	0.0	-1.0	-0.0374369950371	0.0
TFPI	0.0	0.0	0.0	0.0192234828924	0.0181067299837
S100A16	0.0	0.0	0.0	0.0223593167421	0.0147567967489
COL7A1	0.0	0.0	0.0	0.0193347186134	0.0176596382927
UCHL1	0.0	0.0	0.0	-0.0194890429689	-0.0172088488164
AQP3	0.0	0.0	0.0	0.0199298747492	0.0163056992455
MIR378J	0.0	0.0	0.0	0.0361816963493	0.0
PPL	1.0	0.0	0.0	0.0132336320055	0.0228086891141
TNC	0.0	0.0	-1.0	-0.0173193206496	-0.0185250973071
RPL32	0.0	0.0	0.0	0.0217979508424	0.0138999565823
SNORD89	0.0	0.0	0.0	0.0356912228116	0.0
CD151	0.0	0.0	0.0	-0.0222510166191	-0.0133770038594
SNHG12	0.0	0.0	0.0	-0.0355005940042	0.0
CTSL	0.0	0.0	0.0	-0.0135205737089	-0.021655115026
MORF4L2	0.0	0.0	0.0	0.0173115433423	0.017594370035
FST	0.0	0.0	-1.0	-0.0190209974324	-0.0158057290826
DBI	0.0	0.0	0.0	-0.0160083191976	-0.0187946849798
IGFBP7	0.0	0.0	-1.0	-0.0179505271258	-0.0168180206647
CXCL12	0.0	0.0	0.0	-0.0183537042966	-0.0163069836759
PPIA	0.0	0.0	0.0	-0.0112422698249	-0.0233148217454
FRMD6	0.0	0.0	0.0	-0.0178167474571	-0.016473281896
GAS5	0.0	0.0	0.0	0.0171579547399	0.0170948664098
SNORA27	0.0	0.0	0.0	0.0211932135031	0.0130390984968
TXN	0.0	0.0	0.0	0.0265934922843	0.00757006163315
HMOX1	0.0	0.0	0.0	-0.0176407469342	-0.0160140154049
CCDC80	0.0	0.0	0.0	-0.0209622061719	-0.0124266915046
PGRMC1	0.0	0.0	0.0	-0.0164612871002	-0.0169272905761
ENO1	0.0	0.0	0.0	-0.0123751430577	-0.0208964287541
FKBP5	1.0	1.0	1.0	0.0188936095868	0.0143125247853
SNORA32	0.0	0.0	0.0	0.0327271395314	0.0
RPL9	0.0	0.0	0.0	0.0326786393634	0.0
C19ORF10	0.0	0.0	0.0	-0.0173714812661	-0.0152616126605
AHNAK	0.0	0.0	0.0	0.0147711883213	0.0177819901916
YWHAZ	0.0	0.0	0.0	0.02261233607	0.00989712553061
ACADVL	0.0	0.0	0.0	0.0171120957527	0.0152596626191
HSPA8	0.0	0.0	0.0	-0.010606508945	-0.0217475380001
ERRFI1	0.0	0.0	0.0	0.0147968214591	0.0174722026256
COL18A1	0.0	0.0	0.0	0.0138847894831	0.0183746824003
OLFML3	0.0	0.0	-1.0	-0.0170537668756	-0.0151896847859
RGMB	0.0	0.0	0.0	-0.0169704393941	-0.0151508469025
SELM	0.0	0.0	0.0	0.0116386747419	0.0203142333631
POSTN	0.0	0.0	0.0	-0.020240676988	-0.0112869164244
DKK1	0.0	0.0	-1.0	0.0105307981531	0.0209133689632
MEG3	0.0	0.0	0.0	0.0148086742981	0.0164285597237
CKAP4	0.0	0.0	0.0	-0.017458130738	-0.013720715153
TUBB4B	0.0	0.0	0.0	-0.0128759080102	-0.0182658880549
MXRA5	0.0	0.0	0.0	-0.0167847252034	-0.0142793406483
LOXL4	0.0	0.0	0.0	0.0129643662559	0.0180522853735
RPL14	0.0	0.0	0.0	0.0212265410631	0.00973569671084
RPL37A	-1.0	0.0	0.0	0.0307966717692	0.0
YBX1	0.0	0.0	0.0	-0.0099642730915	-0.0207809143369
PAM	0.0	0.0	0.0	-0.0151297715292	-0.0151231069818
RPL23A	0.0	0.0	0.0	0.0199522446489	0.0102254207343
MIR6892	0.0	0.0	0.0	0.0301137686066	0.0
RPS3	0.0	0.0	0.0	0.0218968895026	0.00815912097824
ADH1B	1.0	0.0	0.0	0.0117816545949	0.0181188769694
RPL27	0.0	0.0	0.0	0.0298469646103	0.0
LTBP2	0.0	0.0	0.0	-0.016740000921	-0.0128785914435
SNORD10	0.0	0.0	0.0	0.0195861610964	0.00998426394079
MRC2	0.0	0.0	0.0	-0.0159539694411	-0.0134206048369
GPNMB	0.0	0.0	0.0	-0.0135188303196	-0.0158343347646
HNRNPH2	0.0	0.0	0.0	0.0201129659469	0.00919203084429
CAPN2	0.0	0.0	0.0	0.0159403696543	0.0132889747117
ARHGDIA	0.0	0.0	0.0	-0.0167081350246	-0.0123195142899
CRIP1	0.0	0.0	0.0	0.0124792283256	0.0162561590239
CHML	0.0	0.0	0.0	0.0142269464227	0.014474217537
ASPH	0.0	0.0	0.0	-0.0141315615569	-0.014443795834
PRDX1	0.0	0.0	0.0	-0.0119967763791	-0.0164550187776
NOTCH3	0.0	0.0	0.0	0.0125564798712	0.0158791565718
MMP19	0.0	0.0	0.0	0.0140216857988	0.0144122615549
H3F3A	0.0	0.0	0.0	0.0183210327236	0.0100389585423
SGK1	0.0	0.0	0.0	0.010783057855	0.0173944138239
CD81	0.0	0.0	0.0	0.0	0.0281035988857
ALDOA	0.0	0.0	0.0	-0.0174528866592	-0.0106129530765
EIF3E	0.0	0.0	0.0	0.0168974605656	0.0111478640738
COPS8	0.0	0.0	0.0	0.0147334220802	0.0132989019677
CTGF	0.0	0.0	0.0	-0.0180696860021	-0.00994983695281
PTX3	0.0	0.0	-1.0	0.0209028120122	0.00704135926774
TIMP3	0.0	0.0	0.0	-0.0128625852907	-0.014778190587
RPL34	0.0	0.0	0.0	0.0187317045576	0.00883028079799
LGALS3	-1.0	0.0	0.0	0.0135490174206	0.0140039639247
TNFRSF11B	0.0	0.0	0.0	-0.0141236602115	-0.0133834382355
GNB2L1	0.0	0.0	0.0	0.0157818148033	0.0109935186483
ID1	0.0	0.0	0.0	-0.0164033000085	-0.0103671707324
SLC9A3R2	0.0	0.0	0.0	0.0125712135126	0.0141847258291
MALL	0.0	0.0	0.0	0.00948735631348	0.0172356279766
SNORA45B	0.0	0.0	0.0	0.0111530746544	0.015331483514
LOXL2	0.0	0.0	0.0	-0.0136815759427	-0.0127270054562
COX8A	0.0	0.0	0.0	-0.0121786993689	-0.0141374180886
NPTX2	0.0	0.0	0.0	0.0142648193703	0.0120489986262
ARPC1B	0.0	0.0	0.0	-0.0130526463633	-0.0132318334407
ANXA6	0.0	0.0	0.0	-0.0121260547719	-0.0140642322726
ATP6V0E1	0.0	0.0	0.0	-0.0105493480869	-0.0155741469108
TUBB6	0.0	0.0	0.0	-0.0116899092159	-0.014417829591
ASS1	1.0	0.0	1.0	0.0161499887771	0.00995496629327
TSC22D3	1.0	1.0	1.0	0.0104103727326	0.0156479455368
HINT1	0.0	0.0	0.0	-0.010763810868	-0.0152747417719
VAMP5	0.0	0.0	0.0	0.0127961556621	0.0130461551217
GRN	0.0	0.0	0.0	-0.0162491763071	-0.00951746710357
PRKCDBP	0.0	0.0	0.0	-0.0140511705593	-0.0116173280342
ZFP36L2	0.0	0.0	0.0	0.0116719955762	0.0138935750565
PGAM1	0.0	0.0	0.0	-0.0111026580054	-0.0143067354909
FBLN5	0.0	0.0	0.0	-0.00953956004057	-0.0158440513424
YWHAQ	0.0	0.0	0.0	-0.0106708397019	-0.01467773636
ITGBL1	0.0	0.0	0.0	0.0104882908224	0.0148070800164
NACA	0.0	0.0	0.0	0.0158022074429	0.00915431482202
COL6A2	0.0	0.0	0.0	0.0114039920908	0.0135007049335
FSTL3	0.0	0.0	0.0	0.0111761286926	0.013579942927
SLC39A14	0.0	0.0	0.0	0.0142339705678	0.010417861841
CALU	0.0	0.0	0.0	-0.00937832712572	-0.0151743420572
DNAJB4	0.0	0.0	0.0	0.0146079773228	0.00986487823832
RHOA	0.0	0.0	0.0	-0.0113892917301	-0.0130805401236
MFGE8	0.0	0.0	0.0	0.0126219713018	0.011700223059
TRNP1	0.0	0.0	0.0	0.0134043797085	0.0109120392029
SNHG1	0.0	0.0	0.0	-0.0150256549434	-0.00927079952849
APCDD1	0.0	0.0	0.0	-0.012803441078	-0.0113421913436
MYL12B	0.0	0.0	0.0	-0.0101774258312	-0.0139393198324
DRAM1	0.0	0.0	0.0	-0.012462288615	-0.0115555227398
PPP1R14B	0.0	0.0	0.0	-0.011389507902	-0.0123779734386
SNORA47	0.0	0.0	0.0	0.00742763165564	0.0162901989492
AEBP1	0.0	0.0	0.0	-0.0134574571211	-0.0101607995232
PLOD1	0.0	0.0	0.0	-0.0126809604188	-0.0107971957713
RPL15	0.0	0.0	0.0	0.0175447734062	0.0059331540668
ARPC2	0.0	0.0	0.0	-0.00966024419777	-0.0137671134061
LRP10	0.0	0.0	0.0	-0.013651558983	-0.00959453513114
HTRA3	0.0	0.0	0.0	0.0113296189097	0.0117415013247
MIF	0.0	0.0	0.0	-0.00721353696432	-0.0157805629421
EIF5A	0.0	0.0	0.0	-0.00731596172676	-0.0156620892483
CDKN1A	0.0	0.0	0.0	-0.013337704509	-0.00961265817595
CARD16	0.0	0.0	0.0	0.0134268979432	0.00941016722869
BGN	-1.0	0.0	0.0	-0.0120620641654	-0.0106763401216
SNORA80E	0.0	0.0	0.0	0.0164783316775	0.00620116024331
MARCKS	0.0	0.0	0.0	-0.0119546758489	-0.0106794207633
PLIN2	0.0	0.0	0.0	0.0158586284608	0.00666681295484
SDCBP	0.0	0.0	0.0	0.0142928051753	0.0082231873881
ID3	0.0	0.0	0.0	-0.0123772328173	-0.00999717825653
RNH1	0.0	0.0	0.0	-0.0126228087438	-0.00974735672879
GATA2	0.0	0.0	0.0	0.00742528645121	0.0149401903126
MIR6805	0.0	0.0	0.0	0.0131518504147	0.00919375220747
TNFRSF12A	0.0	0.0	0.0	-0.0124242349564	-0.00987673559959
JTB	0.0	0.0	0.0	0.0119477201476	0.0103266022323
LAPTM4A	0.0	0.0	0.0	0.0123829940048	0.0098756948865
PDIA6	0.0	0.0	0.0	-0.00937646860638	-0.0128659497826
NREP	0.0	0.0	0.0	0.00807563020234	0.0141418242221
HERC4	0.0	0.0	0.0	0.0148710069317	0.00734349226562
NTN4	0.0	0.0	0.0	0.0116680123375	0.0104583555371
ANXA4	0.0	0.0	0.0	0.0111043889398	0.0107807370894
SRGN	0.0	0.0	0.0	0.0132264760905	0.00864661985065
FSCN1	0.0	0.0	0.0	-0.0120031317615	-0.00986501377647
OST4	0.0	0.0	0.0	-0.00713725141052	-0.0146201312123
C11ORF91	0.0	0.0	0.0	0.00761406131551	0.0141362550213
LRRC15	0.0	0.0	0.0	-0.0120544688696	-0.00963874179869
DRAP1	0.0	0.0	0.0	-0.00894590244858	-0.0126357829871
POLR2L	0.0	0.0	0.0	-0.00750581933916	-0.0140474195954
RPL8	0.0	0.0	0.0	0.021493516057	0.0
WNT5B	0.0	0.0	0.0	-0.0103653945377	-0.0110752390074
CYB5A	0.0	0.0	1.0	0.0101943288552	0.011217541654
NDRG1	0.0	0.0	0.0	0.00780568919312	0.0135853022802
RECK	0.0	0.0	0.0	-0.0115622860628	-0.00980623481897
AKR1C2	0.0	0.0	0.0	0.00900494401385	0.012356448312
ID2	0.0	0.0	0.0	-0.0122685292383	-0.00905034086345
RPL19	0.0	0.0	0.0	0.0213188561474	0.0
SRPX	0.0	0.0	0.0	0.00854858843122	0.0125792074942
ISLR	0.0	0.0	0.0	-0.0127779618015	-0.00832266899542
COX6A1	0.0	0.0	0.0	-0.00908421691073	-0.0119837599232
EEF1G	0.0	0.0	0.0	0.0210477181259	0.0
TMEM47	0.0	0.0	0.0	-0.0114298890912	-0.00958043592011
SNORA48	0.0	0.0	0.0	0.0209628605605	0.0
MIR3936	0.0	0.0	0.0	0.0	0.0208673348295
SNED1	0.0	0.0	0.0	0.0101470478834	0.0107116095358
SNORA52	0.0	0.0	0.0	0.00756084312094	0.0132975930841
PRKCA	0.0	0.0	0.0	0.0104309976116	0.010407228668
ZYX	0.0	0.0	0.0	-0.00984619345546	-0.0109470416926
IGFBP4	0.0	0.0	0.0	0.0	-0.0207772909936
CLTA	0.0	0.0	0.0	-0.00964122699013	-0.0111280940816
TAGLN2	0.0	0.0	0.0	0.0106068254266	0.0100794458969
CAV2	0.0	0.0	0.0	0.0106967602023	0.00996864129452
MINOS1	0.0	0.0	0.0	-0.0123317874567	-0.00828415809322
GALNT2	0.0	0.0	0.0	0.0119307010882	0.00866122657623
RPL10	0.0	0.0	0.0	0.0117359527058	0.00880887202341
CD109	0.0	0.0	0.0	0.0142145516592	0.00627004981411
HTATIP2	0.0	0.0	0.0	0.0103886476067	0.00994894956621
CRIM1	0.0	0.0	0.0	-0.0099796719039	-0.0102639043805
MIR3917	0.0	0.0	0.0	-0.00700608918247	-0.0132289525591
PEBP1	0.0	0.0	0.0	-0.0101117666623	-0.0100409298823
RPS11	0.0	0.0	0.0	0.0142070345135	0.00590374172735
INSIG1	0.0	0.0	0.0	-0.0108475637548	-0.00926167416653
RPLP1	0.0	0.0	0.0	0.0200030077809	0.0
F10	0.0	0.0	0.0	0.0101818547651	0.00974943171808
NID1	0.0	0.0	0.0	0.010911635556	0.00901436347751
MAN1A1	0.0	0.0	0.0	0.011321920042	0.0084966090627
SNORA45A	0.0	0.0	0.0	0.0197921523712	0.0
SDF4	0.0	0.0	0.0	-0.0114391060364	-0.00809559156697
MTRNR2L2	0.0	0.0	0.0	0.00765522648855	0.0118740526578
ACKR4	0.0	0.0	0.0	-0.0103337394268	-0.00917409840287
BSG	0.0	0.0	0.0	0.00727763909109	0.0121234014823
BTF3	0.0	0.0	0.0	0.0131834192202	0.0061247722719
PRRX1	0.0	0.0	0.0	-0.00974381780784	-0.00954977419191
BAX	0.0	0.0	0.0	-0.00893606084625	-0.0102392742403
RPL23	0.0	0.0	0.0	0.019122384249	0.0
LTBP1	0.0	0.0	0.0	0.0122621768654	0.00682368743795
ARL6IP5	0.0	0.0	0.0	0.010977684773	0.00803165870602
THBS2	0.0	0.0	0.0	-0.00926288204731	-0.00951191995719
CD248	0.0	0.0	0.0	0.0118856258059	0.00682321487372
FAP	0.0	0.0	0.0	-0.0102741355609	-0.00843327917097
ANTXR1	0.0	0.0	0.0	-0.0105178745345	-0.00815726611863
LBH	0.0	0.0	0.0	-0.00991518552066	-0.00872021670794
GSTP1	0.0	0.0	0.0	0.0115922253331	0.00684395059952
GREM2	0.0	0.0	0.0	-0.00971579594569	-0.00866188473503
KRT19	0.0	0.0	0.0	0.0	0.0183752542293
BLOC1S5	0.0	0.0	0.0	-0.00984706690671	-0.00839721035693
ACTN1	0.0	0.0	0.0	-0.00871989998671	-0.00952412037569
TRIM29	0.0	0.0	0.0	0.00929206550304	0.00894386608334
NRP1	0.0	0.0	0.0	-0.00871783936085	-0.0094664629467
ADAMTSL4-AS1	0.0	0.0	0.0	0.0103043615703	0.00786012577575
SCD	-1.0	0.0	0.0	-0.00916075088788	-0.00889511821343
DPP4	0.0	1.0	0.0	-0.0104015006456	-0.00757300252308
ATP1B3	0.0	0.0	0.0	-0.00885765550594	-0.00904521167001
EXT1	0.0	0.0	0.0	-0.00978881358228	-0.00809977441695
RRAS2	0.0	0.0	0.0	-0.00756466434806	-0.0102016503582
MGAT4B	0.0	0.0	0.0	-0.00962815696027	-0.00811676371317
SCARNA22	0.0	0.0	0.0	-0.00863194964694	-0.00904431636955
MAGIX	0.0	0.0	0.0	0.00698018752415	0.0106713909952
RGCC	0.0	0.0	0.0	0.0101088654725	0.00753289335662
NNMT	0.0	0.0	0.0	0.00918065780361	0.00838655779947
C17ORF49	0.0	0.0	0.0	-0.00757085693702	-0.00998959421587
CAP1	0.0	0.0	0.0	-0.00792150893063	-0.00963376501199
FOXD1	0.0	0.0	0.0	-0.00920992624709	-0.0082914955292
GUK1	0.0	0.0	0.0	-0.00841685935648	-0.0088559635177
JUN	0.0	0.0	0.0	-0.00837314064068	-0.00886129897039
PCNA-AS1	0.0	0.0	0.0	-0.00891743328632	-0.00828174282628
CEP85	0.0	0.0	0.0	0.0	0.0171933375729
PRRX2	0.0	0.0	0.0	-0.00893715841515	-0.00824603295173
CTSA	0.0	0.0	0.0	-0.00987594903295	-0.0073054200846
SERINC3	0.0	0.0	0.0	0.00852081928556	0.00859066416287
DAB2	-1.0	0.0	0.0	-0.00934782541627	-0.0077403961319
LOX	0.0	0.0	0.0	-0.00787175529568	-0.00916690098623
AKAP2	0.0	0.0	0.0	-0.00812443862801	-0.00889053949704
SDC4	0.0	0.0	0.0	0.00987494437102	0.00713616729757
P2RX6P	0.0	0.0	0.0	0.0109512774477	0.00605321666091
EPHB6	0.0	0.0	0.0	0.00896957075466	0.00790394445224
APOD	0.0	0.0	0.0	0.00690317784135	0.00985913390839
LOXL1	0.0	0.0	0.0	-0.00858433871198	-0.00811952548243
RAB32	0.0	0.0	0.0	-0.00814038447415	-0.00853278766533
EFEMP2	0.0	0.0	0.0	-0.00784724828629	-0.00878134779358
PDGFRA	0.0	0.0	0.0	-0.00873612606922	-0.00789245864256
GLIPR1	0.0	0.0	0.0	-0.00841277350683	-0.0082029896613
NDUFB2	0.0	0.0	0.0	-0.00633121570061	-0.0102589829467
COLEC12	0.0	0.0	0.0	-0.00854460848622	-0.00803154690974
MXRA8	0.0	0.0	0.0	-0.0165485926034	0.0
RPS28	0.0	0.0	0.0	0.0165252905	0.0
MRPS6	0.0	0.0	0.0	-0.00841975665582	-0.00803165899069
ITGB5	0.0	0.0	0.0	-0.0104330471028	-0.00598645087079
EID1	0.0	0.0	0.0	0.00879916777846	0.00748952489099
AP2S1	0.0	0.0	0.0	-0.00858405371476	-0.00766256995592
PDIA3	0.0	0.0	0.0	-0.00731481364922	-0.00891133939855
TP53I11	0.0	0.0	0.0	-0.00887622817195	-0.00731657541814
SNORA31	0.0	0.0	0.0	0.0	0.0161559171913
EMP1	0.0	0.0	0.0	0.0	-0.0161242745944
ANPEP	0.0	0.0	0.0	0.00992960376509	0.00618622230928
ERGIC1	0.0	0.0	0.0	0.00864198737677	0.00742645713117
HOXB-AS3	0.0	0.0	0.0	-0.00814342241924	-0.00785379182965
AKR1C1	0.0	0.0	0.0	0.0096345756757	0.00635129072386
STXBP5	0.0	0.0	0.0	0.00839484329661	0.00756478515272
EPAS1	0.0	0.0	0.0	-0.00755421582479	-0.00837891913628
CNN2	0.0	0.0	0.0	-0.00747878404356	-0.00844892634427
LARP6	0.0	0.0	0.0	-0.00856677689946	-0.00723594557865
TEX29	0.0	0.0	0.0	0.00725975433124	0.00848988374406
LOC100506548	0.0	0.0	0.0	0.0157417422966	0.0
CLDN4	0.0	0.0	0.0	0.00858688808476	0.00707991107035
TMEM45A	0.0	0.0	0.0	0.00721567782098	0.00843596945967
SEC61A1	0.0	0.0	0.0	-0.00742128184532	-0.00822401423079
WISP1	0.0	0.0	0.0	0.00732406696083	0.00827032114192
TMEM189	0.0	0.0	0.0	0.008610938883	0.00690013382484
RPSA	0.0	0.0	0.0	0.0	-0.0154179605546
CAMK2N1	0.0	0.0	0.0	-0.00700327582501	-0.00837368366766
CAPNS1	0.0	0.0	0.0	-0.00878277336574	-0.0065813611317
MYL12A	0.0	0.0	0.0	-0.00581819485101	-0.00953761439722
INSC	0.0	0.0	0.0	0.00720197334555	0.0081033641511
MAT2A	0.0	0.0	0.0	0.00933563020739	0.00594789680081
SPHK1	0.0	0.0	0.0	-0.00770821784583	-0.00756542883351
HIST1H2BK	0.0	0.0	0.0	0.00796276888506	0.00718525946508
TCEAL4	0.0	0.0	0.0	0.00694238413003	0.00816545965801
TGFBR2	0.0	0.0	0.0	0.00724536513072	0.00785243488822
RAB7A	0.0	0.0	0.0	-0.00731869372446	-0.00774541351869
KRT18	0.0	0.0	0.0	0.0	0.0150505627147
C1R	0.0	0.0	0.0	0.00816843849468	0.00688155666255
STAT1	0.0	0.0	0.0	-0.00712157715704	-0.00789830719784
SNORA10	0.0	0.0	0.0	0.01500235796	0.0
NQO1	0.0	0.0	0.0	-0.00608860826112	-0.00880312062049
EPS8	0.0	0.0	0.0	0.00705733533067	0.00778713255423
NFIX	0.0	0.0	0.0	-0.0088502384895	-0.00599142136924
CDA	0.0	0.0	0.0	0.00769256966371	0.00711505046873
ABLIM3	0.0	0.0	0.0	0.00852268137558	0.00627254981088
ITM2C	0.0	0.0	0.0	-0.00604486191187	-0.00873665201547
NPTN	0.0	0.0	0.0	-0.00763642210049	-0.00712852354263
FHL2	-1.0	-1.0	-1.0	-0.00698468128818	-0.0077005864473
RPS19	0.0	0.0	0.0	0.0145310327645	0.0
LPXN	0.0	0.0	0.0	-0.00721823740612	-0.00725614262079
SEC22B	0.0	0.0	0.0	0.00769702490653	0.00677032629622
SNORA71B	0.0	0.0	0.0	0.00678530020721	0.00767242150316
ANGPTL2	0.0	0.0	0.0	-0.00847212082606	-0.00591508565596
PDIA4	0.0	0.0	0.0	-0.00640934888041	-0.00797488559082
RPS16	0.0	0.0	0.0	0.014338203296	0.0
EIF4G2	0.0	0.0	0.0	0.014269325193	0.0
SSR2	0.0	0.0	0.0	-0.00766894442874	-0.006568752859
OSR1	0.0	0.0	0.0	-0.00721800786777	-0.00699513601403
ENG	0.0	0.0	0.0	-0.00731732216365	-0.00688040888632
CITED2	0.0	0.0	1.0	0.00718394974473	0.00699609745225
LAMA3	0.0	0.0	0.0	0.00704246750961	0.00692351021242
SNORA26	0.0	0.0	0.0	0.0	0.0138952314852
PKIG	0.0	0.0	0.0	-0.00759779501527	-0.00627090812612
LAMA4	0.0	0.0	0.0	-0.00653968477011	-0.00727683350706
EPPK1	0.0	0.0	0.0	0.0	0.0137045640132
RPL38	0.0	0.0	0.0	0.0208958937991	-0.00719493268577
LIMA1	0.0	-1.0	0.0	-0.00591373258256	-0.00774251884557
RPS14	0.0	0.0	0.0	0.0136460443807	0.0
HSP90AB1	0.0	0.0	0.0	0.00748431737912	0.00614802843835
ACTN4	0.0	0.0	0.0	-0.00672572636959	-0.00676825699553
SNORA72	0.0	0.0	0.0	0.0134898435791	0.0
ANXA11	0.0	0.0	0.0	0.00668081041318	0.00678321005446
CD82	0.0	0.0	0.0	0.00692053635085	0.00647764487578
RAB5C	0.0	0.0	0.0	-0.00631652881494	-0.00707220932717
LSS	0.0	0.0	0.0	-0.0073139383348	-0.00604101377505
SNORA14B	0.0	0.0	0.0	0.0	-0.0133461590502
