	Pert_2	Pert_7	Pert_9	hdf_day15	hdf_day25_CD49F
TMSB4X	0.0	0.0346271403182	0.0430299546181	-6.77523590407	-8.16962449269
LGALS1	-4.55978800677	-5.73656291271	-4.25996550719	-6.85828277526	-7.66735465262
FTL	0.0	0.0346271403182	0.0430299546181	-7.70204538975	-6.47284767757
VIM	0.0	0.0346271403182	0.0430299546181	-5.3993466583	-3.44726469992
S100A6	0.0	0.0346271403182	0.0430299546181	3.18942123164	4.49690286955
CST3	0.0	0.0346271403182	0.0430299546181	2.33245872452	4.63452982702
ACTB	0.0	0.0346271403182	0.0430299546181	-3.21829731116	-3.52182510977
SPARC	0.0	0.0346271403182	0.0430299546181	2.68352404733	4.02859940938
SERPINE2	-4.55978800677	-5.73656291271	-4.25996550719	-3.55787073502	-2.98486211937
CLU	4.55978800677	-5.73656291271	0.0430299546181	2.41939651678	4.03061272613
ARNT	0.0	0.0346271403182	0.0430299546181	-3.23889527087	-2.65486964332
COL3A1	0.0	-5.73656291271	0.0430299546181	3.13787938184	2.57744088197
MIR1282	0.0	0.0346271403182	0.0430299546181	3.03661374858	2.57084841022
EEF1A1	0.0	0.0346271403182	0.0430299546181	3.81918292836	1.70487287657
TGFBI	-4.55978800677	0.0346271403182	-4.25996550719	-2.92108569343	-2.55775653763
CLEC3B	0.0	0.0346271403182	0.0430299546181	2.41384666005	2.65778666428
CD9	4.55978800677	0.0346271403182	4.34602541643	2.42325337174	2.57669419144
LPCAT2	0.0	0.0346271403182	0.0430299546181	-2.67416720517	-2.11261620315
GSN	0.0	0.0346271403182	0.0430299546181	1.50368301351	2.96297704818
MMP1	0.0	0.0346271403182	0.0430299546181	-2.34863760292	-1.98989238036
COL6A1	0.0	0.0346271403182	0.0430299546181	2.51529628864	1.74042961966
FTH1	0.0	0.0346271403182	0.0430299546181	-2.46017378075	-1.75359030221
PKM	0.0	0.0346271403182	0.0430299546181	-2.16624245108	-1.94837100399
HTRA1	0.0	0.0346271403182	0.0430299546181	-2.16643845937	-1.66945103641
ACTG1	0.0	0.0346271403182	0.0430299546181	-1.88336969887	-1.85648287073
MT2A	0.0	0.0346271403182	0.0430299546181	2.36455883969	1.31074316051
THBS1	0.0	0.0346271403182	0.0430299546181	-1.92036755861	-1.70596741866
DCN	4.55978800677	0.0346271403182	0.0430299546181	0.93831902539	2.52430516867
HSP90B1	0.0	0.0346271403182	0.0430299546181	-1.7937703704	-1.46239139489
ANXA1	0.0	0.0346271403182	-4.25996550719	1.29735279042	1.94478597103
MMP3	0.0	0.0346271403182	0.0430299546181	-1.69872544728	-1.51294068773
ITGB1	0.0	0.0346271403182	0.0430299546181	-1.50758100918	-1.64774160315
TMSB10	0.0	0.0346271403182	0.0430299546181	-1.00564182434	-1.96872305164
PSAP	0.0	0.0346271403182	0.0430299546181	1.32629048754	1.64686348652
CLDN11	0.0	0.0346271403182	0.0430299546181	-1.50990941591	-1.40612540325
CFL1	0.0	0.0346271403182	0.0430299546181	-1.47054631013	-1.39467664595
CFD	4.55978800677	0.0346271403182	0.0430299546181	1.06281491479	1.78238795526
GREM1	0.0	0.0346271403182	0.0430299546181	-1.49842680381	-1.29984615741
S100A10	0.0	0.0346271403182	0.0430299546181	1.27961236493	1.54364978372
GAS6	0.0	0.0346271403182	0.0430299546181	-1.4173545208	-1.35669464891
RPLP0	0.0	0.0346271403182	0.0430299546181	1.42396631789	1.35145765088
CAV1	0.0	0.0346271403182	0.0430299546181	1.49671447112	1.27035755498
S100A3	0.0	0.0346271403182	0.0430299546181	1.65054861826	1.11568376677
APLP2	0.0	0.0346271403182	0.0430299546181	-1.43546081602	-1.29954396209
MIR3648	0.0	0.0346271403182	0.0430299546181	2.05952289736	0.693957069243
IGFBP6	0.0	0.0346271403182	0.0430299546181	1.24235295648	1.42147797613
CPA4	0.0	0.0346271403182	0.0430299546181	1.45873152656	1.11014580068
MIR6084	0.0	0.0346271403182	0.0430299546181	-1.72138921079	4.23042748847
RPS6	0.0	0.0346271403182	0.0430299546181	1.56771130631	0.888091851418
SOD2	4.55978800677	5.80581719335	4.34602541643	1.21536632799	1.12110357085
TAGLN	0.0	0.0346271403182	0.0430299546181	-1.33066684241	-0.969474361862
SNORD23	0.0	0.0346271403182	0.0430299546181	-1.16001506021	-1.13587745856
FBLN1	0.0	0.0346271403182	0.0430299546181	1.04864381773	1.25210942795
LDHA	0.0	0.0346271403182	0.0430299546181	-1.00511120687	-1.05449393022
LOC100130872	0.0	0.0346271403182	0.0430299546181	-1.10884915193	-0.941478552543
RPL41	0.0	0.0346271403182	0.0430299546181	1.38295226181	0.668082674344
RPS2	0.0	0.0346271403182	0.0430299546181	1.25712002001	0.788687032307
RPS27	0.0	0.0346271403182	0.0430299546181	1.07174486749	0.961559341997
EIF4A2	0.0	0.0346271403182	0.0430299546181	-1.01658239479	-0.961156883276
COL1A1	0.0	0.0346271403182	0.0430299546181	0.310134984059	1.68888781562
RPS4X	0.0	0.0346271403182	0.0430299546181	1.09157519461	0.892615656343
CD63	0.0	0.0346271403182	0.0430299546181	-0.947337711412	-0.966578413607
RPL3	0.0	0.0346271403182	0.0430299546181	1.05156799745	0.866945121822
RPL4	0.0	0.0346271403182	0.0430299546181	1.20040465304	0.713556351544
CALR	0.0	-5.73656291271	0.0430299546181	-0.862963146192	-1.02069848024
SERPINE1	0.0	0.0346271403182	0.0430299546181	0.965884852868	0.934547069629
C18ORF32	0.0	0.0346271403182	0.0430299546181	1.23457011925	0.661727665368
GLUL	4.55978800677	5.80581719335	4.34602541643	1.05651852171	0.822517536728
COL1A2	0.0	0.0346271403182	0.0430299546181	-1.31471242547	-0.506048752011
PPAP2B	0.0	0.0346271403182	0.0430299546181	0.82561136542	1.0188878723
PFN1	0.0	0.0346271403182	0.0430299546181	-0.785830808678	-0.97669983237
TUBA1B	0.0	0.0346271403182	0.0430299546181	-0.724204953921	-1.00817836275
GJA1	0.0	0.0346271403182	0.0430299546181	-0.986166322728	-0.741697973905
MYL6	0.0	0.0346271403182	0.0430299546181	-0.783241900598	-0.941755655313
RPS3A	0.0	0.0346271403182	0.0430299546181	1.17135697812	0.564952735105
TPM1	-4.55978800677	-5.73656291271	-4.25996550719	-0.949345161164	-0.758022427752
P4HB	0.0	0.0346271403182	0.0430299546181	-0.867530603215	-0.814640118812
S100A11	0.0	0.0346271403182	0.0430299546181	-0.823430927655	-0.839397001917
APP	0.0	0.0346271403182	0.0430299546181	-0.855905428514	-0.772735586261
CCND1	0.0	0.0346271403182	0.0430299546181	-0.861271439374	-0.757936557356
THY1	0.0	0.0346271403182	0.0430299546181	0.983598637426	0.661610618067
ADIRF	0.0	0.0346271403182	0.0430299546181	0.733653738776	0.895391397025
RPL26	0.0	0.0346271403182	0.0430299546181	1.09403635509	0.51037898627
RPS25	0.0	0.0346271403182	0.0430299546181	0.953622586482	0.631074790051
MT1E	0.0	0.0346271403182	0.0430299546181	0.959326698122	0.601105713716
TPM2	0.0	0.0346271403182	0.0430299546181	-0.780844090844	-0.748439834622
SNORA67	0.0	0.0346271403182	0.0430299546181	0.795179222804	0.736753510446
RPS12	0.0	0.0346271403182	0.0430299546181	0.985568235396	0.528447722319
RPL5	0.0	0.0346271403182	0.0430299546181	0.903884920915	0.583156890506
PPIB	0.0	0.0346271403182	0.0430299546181	-0.757666192859	-0.700987300987
PSG5	0.0	0.0346271403182	0.0430299546181	-0.786286143075	-0.671121781085
CTSZ	0.0	0.0346271403182	0.0430299546181	-0.789922399639	-0.633544332623
ANXA2	0.0	0.0346271403182	0.0430299546181	0.918310643578	0.526292435176
COL6A3	0.0	0.0346271403182	0.0430299546181	0.602089422939	0.791387091771
RHOB	0.0	0.0346271403182	4.34602541643	0.636734795339	0.749655588648
TIMP2	0.0	0.0346271403182	0.0430299546181	-0.802413712666	-0.530268133389
DUSP1	0.0	5.80581719335	4.34602541643	0.775432144126	0.573020690431
GNAS	0.0	0.0346271403182	0.0430299546181	-0.728338918271	-0.581468893188
RPL12	0.0	0.0346271403182	0.0430299546181	0.825159670613	0.508584083939
MEST	0.0	0.0346271403182	0.0430299546181	0.540425634084	0.791882247325
SBSN	0.0	0.0346271403182	0.0430299546181	0.526471014887	0.791663910988
MIR4426	0.0	0.0346271403182	0.0430299546181	0.883753699149	0.434036441536
RPL18A	0.0	0.0346271403182	0.0430299546181	0.81748433047	0.498023442317
RPL21	0.0	0.0346271403182	0.0430299546181	0.960895520102	0.350159965272
C12ORF75	0.0	0.0346271403182	0.0430299546181	-0.627893793239	-0.646457961386
BZW1	0.0	0.0346271403182	0.0430299546181	0.761438772928	0.525631311794
RPL35A	0.0	0.0346271403182	0.0430299546181	0.89879056282	0.378686622654
COL5A1	0.0	0.0346271403182	0.0430299546181	0.609478721095	0.655305055291
RPL11	0.0	0.0346271403182	0.0430299546181	0.939249964047	0.322182302658
RPL7	0.0	0.0346271403182	0.0430299546181	0.873260522705	0.386826686403
MYL9	0.0	0.0346271403182	0.0430299546181	-0.639554131498	-0.575900056968
MIR4709	0.0	0.0346271403182	0.0430299546181	-0.668611645777	-0.53816355355
RPL31	0.0	0.0346271403182	0.0430299546181	0.77376566595	0.453417127888
RPL7A	0.0	0.0346271403182	0.0430299546181	0.750431119275	0.469831071001
ITGA5	0.0	0.0346271403182	0.0430299546181	0.684956456621	0.517630798941
RPL30	0.0	0.0346271403182	0.0430299546181	0.786238990999	0.414265773858
GPX1	0.0	0.0346271403182	0.0430299546181	-0.623669970848	-0.546320582965
RPS13	0.0	0.0346271403182	0.0430299546181	0.89535550113	0.297531048737
IFITM3	0.0	0.0346271403182	0.0430299546181	0.457140451719	0.730649695926
RPL6	0.0	0.0346271403182	0.0430299546181	0.818203427544	0.365383276155
TIMP1	0.0	0.0346271403182	0.0430299546181	-0.00271997044141	1.17495801266
MGP	0.0	0.0346271403182	0.0430299546181	0.269962399684	0.901409432589
RPS15A	0.0	0.0346271403182	0.0430299546181	0.898819387879	0.269297986371
NME1	0.0	0.0346271403182	0.0430299546181	-0.477899388288	-0.655893038936
RPS8	0.0	0.0346271403182	0.0430299546181	0.772127574419	0.385721491112
OAZ1	0.0	0.0346271403182	0.0430299546181	-0.59559110289	-0.515569154848
S100A13	0.0	0.0346271403182	0.0430299546181	-0.610580508087	-0.485328823451
CRLF1	0.0	0.0346271403182	0.0430299546181	0.427722142314	0.692166035688
KRT7	0.0	0.0346271403182	4.34602541643	0.594165885818	0.523649897588
EEF2	0.0	0.0346271403182	0.0430299546181	0.379591999877	0.737239570144
CALM2	0.0	0.0346271403182	0.0430299546181	-0.458490666135	-0.628775371083
PEA15	0.0	0.0346271403182	-4.25996550719	-0.548662398313	-0.523483195493
CHPF2	0.0	0.0346271403182	0.0430299546181	-0.31901000729	-0.749159722539
MMP14	0.0	0.0346271403182	0.0430299546181	-0.569147210428	-0.495787776851
RPS24	0.0	0.0346271403182	0.0430299546181	0.895367804106	0.191631271527
RPL24	0.0	0.0346271403182	0.0430299546181	0.747561486403	0.336020794505
BRI3	0.0	0.0346271403182	0.0430299546181	-0.532422694923	-0.51968867423
IFITM2	0.0	0.0346271403182	0.0430299546181	0.458385076027	0.618274467823
HSD11B1L	0.0	0.0346271403182	0.0430299546181	0.752074745408	0.324312455138
ADM	0.0	0.0346271403182	0.0430299546181	-0.569930066688	-0.47625062745
RPL39	0.0	0.0346271403182	0.0430299546181	0.771541760519	0.270923078607
LY6E	0.0	0.0346271403182	0.0430299546181	-0.548332518035	-0.45747630586
RPS29	0.0	0.0346271403182	0.0430299546181	0.868682494615	0.163159052463
MFI2	0.0	0.0346271403182	0.0430299546181	0.49135583849	0.537531633032
RPL29	0.0	0.0346271403182	0.0430299546181	0.640065874391	0.384805388015
KCNMA1	0.0	0.0346271403182	0.0430299546181	0.49242831771	0.528859235815
TPM4	0.0	0.0346271403182	0.0430299546181	-0.384883388942	-0.606882204592
MIR1304	0.0	0.0346271403182	0.0430299546181	0.768082610413	0.245958105819
PYGB	0.0	0.0346271403182	0.0430299546181	0.5032331126	0.504273215167
RPL10A	0.0	0.0346271403182	0.0430299546181	0.572792449475	0.432965413712
WISP2	0.0	0.0346271403182	0.0430299546181	0.337142019301	0.665306951765
PTMS	0.0	0.0346271403182	0.0430299546181	-0.514740111982	-0.458378525516
CALD1	0.0	0.0346271403182	0.0430299546181	-0.51176136736	-0.446065000338
CEMIP	0.0	0.0346271403182	0.0430299546181	-0.490551975149	-0.464895791713
RPL13A	0.0	0.0346271403182	0.0430299546181	0.647386019072	0.329614754959
RND3	0.0	-5.73656291271	-4.25996550719	-0.491298048189	-0.44934523835
ECM1	0.0	0.0346271403182	0.0430299546181	0.355451916755	0.611528275284
ATF4	0.0	0.0346271403182	0.0430299546181	0.405711189523	0.560985130752
SNORA24	0.0	0.0346271403182	0.0430299546181	-0.546878328658	-0.392645592284
MIR7705	0.0	0.0346271403182	0.0430299546181	0.490099310391	0.46867014265
SNORA70	0.0	0.0346271403182	0.0430299546181	-0.471957518151	-0.448497922709
LAMP1	0.0	0.0346271403182	0.0430299546181	-0.478605869039	-0.438509023965
TUBA1A	0.0	0.0346271403182	0.0430299546181	-0.48512827685	-0.426338806859
ENPP2	0.0	0.0346271403182	0.0430299546181	-0.429182401887	-0.471183984563
EMP3	-4.55978800677	0.0346271403182	0.0430299546181	0.362794672222	0.544267942802
VAT1	0.0	0.0346271403182	0.0430299546181	-0.457423432116	-0.420837630406
MOXD1	0.0	0.0346271403182	0.0430299546181	-0.469020172432	-0.405489180572
CDK2AP1	0.0	0.0346271403182	0.0430299546181	-0.463160648358	-0.408191624657
ATP5E	0.0	0.0346271403182	0.0430299546181	-0.341839499004	-0.519151799174
LUM	4.55978800677	0.0346271403182	0.0430299546181	-0.508711834364	-0.350372417045
FKBP9	0.0	0.0346271403182	0.0430299546181	-0.469258638118	-0.382657157121
NT5E	0.0	0.0346271403182	-4.25996550719	-0.434573025189	-0.410717648408
FAM20C	0.0	0.0346271403182	0.0430299546181	-0.438162300459	-0.406861311735
UBB	0.0	0.0346271403182	0.0430299546181	-0.442911337759	-0.394374472159
TMEM119	0.0	0.0346271403182	0.0430299546181	-0.411239468659	-0.424722093639
IGFBP3	-4.55978800677	0.0346271403182	-4.25996550719	-0.85073005187	0.0161215378377
TFPI	0.0	0.0346271403182	0.0430299546181	0.432723827245	0.426418653415
S100A16	0.0	0.0346271403182	0.0430299546181	0.503755669293	0.350509422712
COL7A1	0.0	0.0346271403182	0.0430299546181	0.435243500973	0.416287589917
UCHL1	0.0	0.0346271403182	0.0430299546181	-0.444179144679	-0.373829659211
AQP3	0.0	0.0346271403182	0.0430299546181	0.448724775383	0.385607434735
MIR378J	0.0	0.0346271403182	0.0430299546181	0.816855511966	0.0161215378377
PPL	4.55978800677	0.0346271403182	0.0430299546181	0.297043761756	0.532964687431
TNC	0.0	0.0346271403182	-4.25996550719	-0.395031332499	-0.403655749267
RPL32	0.0	0.0346271403182	0.0430299546181	0.491039799821	0.331093490118
SNORD89	0.0	0.0346271403182	0.0430299546181	0.805745472171	0.0161215378377
CD151	0.0	0.0346271403182	0.0430299546181	-0.506742432617	-0.287000345767
SNHG12	0.0	0.0346271403182	0.0430299546181	-0.806867354131	0.0161215378377
CTSL	0.0	0.0346271403182	0.0430299546181	-0.308983408532	-0.474581711212
MORF4L2	0.0	0.0346271403182	0.0430299546181	0.389415222696	0.414808616193
FST	0.0	0.0346271403182	-4.25996550719	-0.433577136342	-0.342035073435
DBI	0.0	0.0346271403182	0.0430299546181	-0.365334973404	-0.409764585297
IGFBP7	0.0	0.0346271403182	-4.25996550719	-0.409329206962	-0.364973523207
CXCL12	0.0	0.0346271403182	0.0430299546181	-0.418461839137	-0.353393464154
PPIA	0.0	0.0346271403182	0.0430299546181	-0.257376043671	-0.512190538443
FRMD6	0.0	0.0346271403182	0.0430299546181	-0.406298875397	-0.357161769093
GAS5	0.0	0.0346271403182	0.0430299546181	0.385936185901	0.403489902277
SNORA27	0.0	0.0346271403182	0.0430299546181	0.477341495248	0.311586511788
TXN	0.0	0.0346271403182	0.0430299546181	0.599666773878	0.187658555047
HMOX1	0.0	0.0346271403182	0.0430299546181	-0.4023121714	-0.346754825556
CCDC80	0.0	0.0346271403182	0.0430299546181	-0.477548736616	-0.265466340542
PGRMC1	0.0	0.0346271403182	0.0430299546181	-0.375595448306	-0.367449571036
ENO1	0.0	0.0346271403182	0.0430299546181	-0.283037502916	-0.457389938359
FKBP5	4.55978800677	5.80581719335	4.34602541643	0.425251649298	0.34044225402
SNORA32	0.0	0.0346271403182	0.0430299546181	0.738604065621	0.0161215378377
RPL9	0.0	0.0346271403182	0.0430299546181	0.737505456308	0.0161215378377
C19ORF10	0.0	0.0346271403182	0.0430299546181	-0.396212857048	-0.329705436956
AHNAK	0.0	0.0346271403182	0.0430299546181	0.331871964588	0.419060074581
YWHAZ	0.0	0.0346271403182	0.0430299546181	0.509486977072	0.240389644855
ACADVL	0.0	0.0346271403182	0.0430299546181	0.384897403717	0.361904324842
HSPA8	0.0	0.0346271403182	0.0430299546181	-0.242975004405	-0.476676008731
ERRFI1	0.0	0.0346271403182	0.0430299546181	0.332452597709	0.412040312046
COL18A1	0.0	0.0346271403182	0.0430299546181	0.311793559518	0.432490434667
OLFML3	0.0	0.0346271403182	-4.25996550719	-0.38901609871	-0.328075556822
RGMB	0.0	0.0346271403182	0.0430299546181	-0.387128592934	-0.327195493357
SELM	0.0	0.0346271403182	0.0430299546181	0.260915332174	0.476440511034
POSTN	0.0	0.0346271403182	0.0430299546181	-0.461204902893	-0.239639124461
DKK1	0.0	0.0346271403182	-4.25996550719	0.235820088409	0.490016877876
MEG3	0.0	0.0346271403182	0.0430299546181	0.332721084188	0.388391443767
CKAP4	0.0	0.0346271403182	0.0430299546181	-0.398175611421	-0.294788817373
TUBB4B	0.0	0.0346271403182	0.0430299546181	-0.294380660339	-0.397782087452
MXRA5	0.0	0.0346271403182	0.0430299546181	-0.382921858237	-0.30744722834
LOXL4	0.0	0.0346271403182	0.0430299546181	0.290944445558	0.425184942715
RPL14	0.0	0.0346271403182	0.0430299546181	0.478096419804	0.236731680154
RPL37A	-4.55978800677	0.0346271403182	0.0430299546181	0.694875766312	0.0161215378377
YBX1	0.0	0.0346271403182	0.0430299546181	-0.228427296239	-0.454772390507
PAM	0.0	0.0346271403182	0.0430299546181	-0.345434410363	-0.326566908877
RPL23A	0.0	0.0346271403182	0.0430299546181	0.449231490744	0.247828789044
MIR6892	0.0	0.0346271403182	0.0430299546181	0.679406876089	0.0161215378377
RPS3	0.0	0.0346271403182	0.0430299546181	0.493280924709	0.201006594722
ADH1B	4.55978800677	0.0346271403182	0.0430299546181	0.264154063185	0.426693903181
RPL27	0.0	0.0346271403182	0.0430299546181	0.673363322689	0.0161215378377
LTBP2	0.0	0.0346271403182	0.0430299546181	-0.381908779	-0.27570635857
SNORD10	0.0	0.0346271403182	0.0430299546181	0.440939090596	0.24236419456
MRC2	0.0	0.0346271403182	0.0430299546181	-0.364103861201	-0.28798834058
GPNMB	0.0	0.0346271403182	0.0430299546181	-0.308943917871	-0.342683276
HNRNPH2	0.0	0.0346271403182	0.0430299546181	0.452872094934	0.224412253229
CAPN2	0.0	0.0346271403182	0.0430299546181	0.358355862572	0.317248687693
ARHGDIA	0.0	0.0346271403182	0.0430299546181	-0.381186963551	-0.26303771306
CRIP1	0.0	0.0346271403182	0.0430299546181	0.279955266128	0.384484857105
CHML	0.0	0.0346271403182	0.0430299546181	0.319543982166	0.344106199398
ASPH	0.0	0.0346271403182	0.0430299546181	-0.322823297504	-0.311173770261
PRDX1	0.0	0.0346271403182	0.0430299546181	-0.274466869573	-0.356747928228
NOTCH3	0.0	0.0346271403182	0.0430299546181	0.28170514187	0.375942010396
MMP19	0.0	0.0346271403182	0.0430299546181	0.314894488311	0.342702281586
H3F3A	0.0	0.0346271403182	0.0430299546181	0.412281832893	0.243603570044
SGK1	0.0	0.0346271403182	0.0430299546181	0.241534189397	0.410277623753
CD81	0.0	0.0346271403182	0.0430299546181	-0.00271997044141	0.652946937594
ALDOA	0.0	0.0346271403182	0.0430299546181	-0.398056824331	-0.224367166581
EIF3E	0.0	0.0346271403182	0.0430299546181	0.380035560444	0.268731284515
COPS8	0.0	0.0346271403182	0.0430299546181	0.331016496537	0.317473638554
CTGF	0.0	0.0346271403182	0.0430299546181	-0.412028353308	-0.209341005972
PTX3	0.0	0.0346271403182	-4.25996550719	0.470763419425	0.175678199913
TIMP3	0.0	0.0346271403182	0.0430299546181	-0.294078878627	-0.31875112977
RPL34	0.0	0.0346271403182	0.0430299546181	0.421584231631	0.216215024868
LGALS3	-4.55978800677	0.0346271403182	0.0430299546181	0.304187764935	0.333450288536
TNFRSF11B	0.0	0.0346271403182	0.0430299546181	-0.322644318914	-0.287146148237
GNB2L1	0.0	0.0346271403182	0.0430299546181	0.354764332003	0.265233828986
ID1	0.0	0.0346271403182	0.0430299546181	-0.374281944423	-0.218797757476
SLC9A3R2	0.0	0.0346271403182	0.0430299546181	0.282038883305	0.337546339454
MALL	0.0	0.0346271403182	0.0430299546181	0.212184398672	0.406679548607
SNORA45B	0.0	0.0346271403182	0.0430299546181	0.249915684116	0.363531780824
LOXL2	0.0	0.0346271403182	0.0430299546181	-0.312630376385	-0.2722714317
COX8A	0.0	0.0346271403182	0.0430299546181	-0.278587727276	-0.304231274
NPTX2	0.0	0.0346271403182	0.0430299546181	0.320401867297	0.289150924501
ARPC1B	0.0	0.0346271403182	0.0430299546181	-0.298384077415	-0.28371079519
ANXA6	0.0	0.0346271403182	0.0430299546181	-0.277395239766	-0.302572889011
ATP6V0E1	0.0	0.0346271403182	0.0430299546181	-0.241680216084	-0.336787439147
TUBB6	0.0	0.0346271403182	0.0430299546181	-0.26751581894	-0.310585377182
ASS1	4.55978800677	0.0346271403182	4.34602541643	0.363104083663	0.24170031211
TSC22D3	4.55978800677	5.80581719335	4.34602541643	0.233092252733	0.370702786039
HINT1	0.0	0.0346271403182	0.0430299546181	-0.246538154075	-0.330002941615
VAMP5	0.0	0.0346271403182	0.0430299546181	0.287134196386	0.311746414369
GRN	0.0	0.0346271403182	0.0430299546181	-0.370790786747	-0.199543538281
PRKCDBP	0.0	0.0346271403182	0.0430299546181	-0.321002307962	-0.24712622625
ZFP36L2	0.0	0.0346271403182	0.0430299546181	0.261670104382	0.330948885231
PGAM1	0.0	0.0346271403182	0.0430299546181	-0.254213604209	-0.308067993377
FBLN5	0.0	0.0346271403182	0.0430299546181	-0.218806840629	-0.342903452909
YWHAQ	0.0	0.0346271403182	0.0430299546181	-0.244432202835	-0.316474844675
ITGBL1	0.0	0.0346271403182	0.0430299546181	0.234857226808	0.351648837705
NACA	0.0	0.0346271403182	0.0430299546181	0.355226259141	0.223557611052
COL6A2	0.0	0.0346271403182	0.0430299546181	0.255599380563	0.322046478314
FSTL3	0.0	0.0346271403182	0.0430299546181	0.25043789635	0.323842005182
SLC39A14	0.0	0.0346271403182	0.0430299546181	0.319703090712	0.252189489792
CALU	0.0	0.0346271403182	0.0430299546181	-0.215154647468	-0.327727891764
DNAJB4	0.0	0.0346271403182	0.0430299546181	0.328174964549	0.23965892368
RHOA	0.0	0.0346271403182	0.0430299546181	-0.260706333874	-0.280282500205
MFGE8	0.0	0.0346271403182	0.0430299546181	0.283188631486	0.281247696843
TRNP1	0.0	0.0346271403182	0.0430299546181	0.300911480663	0.26338751099
SNHG1	0.0	0.0346271403182	0.0430299546181	-0.343075996865	-0.193954069909
APCDD1	0.0	0.0346271403182	0.0430299546181	-0.292739164032	-0.240891649899
MYL12B	0.0	0.0346271403182	0.0430299546181	-0.233255559617	-0.299742382677
DRAM1	0.0	0.0346271403182	0.0430299546181	-0.285011494447	-0.245725723009
PPP1R14B	0.0	0.0346271403182	0.0430299546181	-0.260711230526	-0.264362392895
SNORA47	0.0	0.0346271403182	0.0430299546181	0.165528216115	0.385256199207
AEBP1	0.0	0.0346271403182	0.0430299546181	-0.307553713048	-0.214121401671
PLOD1	0.0	0.0346271403182	0.0430299546181	-0.289964773789	-0.228542091944
RPL15	0.0	0.0346271403182	0.0430299546181	0.394698270796	0.15056635488
ARPC2	0.0	0.0346271403182	0.0430299546181	-0.22154053712	-0.295840198237
LRP10	0.0	0.0346271403182	0.0430299546181	-0.311950442421	-0.201289893887
HTRA3	0.0	0.0346271403182	0.0430299546181	0.253914704555	0.282183059184
MIF	0.0	0.0346271403182	0.0430299546181	-0.166118556852	-0.341464810617
EIF5A	0.0	0.0346271403182	0.0430299546181	-0.168438647742	-0.338780205784
CDKN1A	0.0	0.0346271403182	0.0430299546181	-0.304841117599	-0.201700560696
CARD16	0.0	0.0346271403182	0.0430299546181	0.301421556058	0.229355207004
BGN	-4.55978800677	0.0346271403182	0.0430299546181	-0.275945746307	-0.225803512172
SNORA80E	0.0	0.0346271403182	0.0430299546181	0.370541595392	0.156639354327
MARCKS	0.0	0.0346271403182	0.0430299546181	-0.273513222679	-0.225873319277
PLIN2	0.0	0.0346271403182	0.0430299546181	0.356504288853	0.16719100913
SDCBP	0.0	0.0346271403182	0.0430299546181	0.321035792235	0.202458334666
ID3	0.0	0.0346271403182	0.0430299546181	-0.28308483944	-0.210413756291
RNH1	0.0	0.0346271403182	0.0430299546181	-0.288647541821	-0.204752819593
GATA2	0.0	0.0346271403182	0.0430299546181	0.165475093342	0.354665106829
MIR6805	0.0	0.0346271403182	0.0430299546181	0.295191272971	0.224451259187
TNFRSF12A	0.0	0.0346271403182	0.0430299546181	-0.284149515912	-0.207684534903
JTB	0.0	0.0346271403182	0.0430299546181	0.267915723615	0.250121554044
LAPTM4A	0.0	0.0346271403182	0.0430299546181	0.277775399017	0.2399040281
PDIA6	0.0	0.0346271403182	0.0430299546181	-0.21511254892	-0.275419899502
NREP	0.0	0.0346271403182	0.0430299546181	0.180206458848	0.336574192323
HERC4	0.0	0.0346271403182	0.0430299546181	0.334133021808	0.18252451052
NTN4	0.0	0.0346271403182	0.0430299546181	0.261579877413	0.253107073847
ANXA4	0.0	0.0346271403182	0.0430299546181	0.248812871864	0.260412215147
SRGN	0.0	0.0346271403182	0.0430299546181	0.296881668403	0.212053281858
FSCN1	0.0	0.0346271403182	0.0430299546181	-0.274610829534	-0.207418919289
OST4	0.0	0.0346271403182	0.0430299546181	-0.164390562427	-0.315169516437
C11ORF91	0.0	0.0346271403182	0.0430299546181	0.169751157377	0.336447994659
LRRC15	0.0	0.0346271403182	0.0430299546181	-0.27577370025	-0.20229161359
DRAP1	0.0	0.0346271403182	0.0430299546181	-0.205359510724	-0.270204337532
POLR2L	0.0	0.0346271403182	0.0430299546181	-0.172739237818	-0.302191915032
RPL8	0.0	0.0346271403182	0.0430299546181	0.484143846583	0.0161215378377
WNT5B	0.0	0.0346271403182	0.0430299546181	-0.23751336284	-0.234842530393
CYB5A	0.0	0.0346271403182	4.34602541643	0.228198500286	0.270310173149
NDRG1	0.0	0.0346271403182	0.0430299546181	0.174091846899	0.323963447715
RECK	0.0	0.0346271403182	0.0430299546181	-0.264624942673	-0.20608699261
AKR1C2	0.0	0.0346271403182	0.0430299546181	0.201256959301	0.29611771085
ID2	0.0	0.0346271403182	0.0430299546181	-0.280622522932	-0.188958493433
RPL19	0.0	0.0346271403182	0.0430299546181	0.480187509703	0.0161215378377
SRPX	0.0	0.0346271403182	0.0430299546181	0.190919747823	0.301165416869
ISLR	0.0	0.0346271403182	0.0430299546181	-0.292162016125	-0.172469504598
COX6A1	0.0	0.0346271403182	0.0430299546181	-0.208492562888	-0.255429544809
EEF1G	0.0	0.0346271403182	0.0430299546181	0.474045783438	0.0161215378377
TMEM47	0.0	0.0346271403182	0.0430299546181	-0.261625931493	-0.200970406844
SNORA48	0.0	0.0346271403182	0.0430299546181	0.472123618722	0.0161215378377
MIR3936	0.0	0.0346271403182	0.0430299546181	-0.00271997044141	0.48897374793
SNED1	0.0	0.0346271403182	0.0430299546181	0.227127507791	0.258845790074
SNORA52	0.0	0.0346271403182	0.0430299546181	0.16854567693	0.317443979352
PRKCA	0.0	0.0346271403182	0.0430299546181	0.233559440479	0.251948542906
ZYX	0.0	0.0346271403182	0.0430299546181	-0.225752596475	-0.231937589052
IGFBP4	0.0	0.0346271403182	0.0430299546181	-0.00271997044141	-0.454690285825
CLTA	0.0	0.0346271403182	0.0430299546181	-0.2211097658	-0.236040222329
TAGLN2	0.0	0.0346271403182	0.0430299546181	0.237542232356	0.244521010401
CAV2	0.0	0.0346271403182	0.0430299546181	0.239579404313	0.242010186591
MINOS1	0.0	0.0346271403182	0.0430299546181	-0.282055426585	-0.171596850502
GALNT2	0.0	0.0346271403182	0.0430299546181	0.267530213669	0.212384269142
RPL10	0.0	0.0346271403182	0.0430299546181	0.263118839533	0.215729903675
CD109	0.0	0.0346271403182	0.0430299546181	0.319263220198	0.158200386728
HTATIP2	0.0	0.0346271403182	0.0430299546181	0.232600142569	0.241563973535
CRIM1	0.0	0.0346271403182	0.0430299546181	-0.228776104901	-0.216457749846
MIR3917	0.0	0.0346271403182	0.0430299546181	-0.161419520238	-0.283645514634
PEBP1	0.0	0.0346271403182	0.0430299546181	-0.23176827045	-0.211405164782
RPS11	0.0	0.0346271403182	0.0430299546181	0.31909294437	0.149899873519
INSIG1	0.0	0.0346271403182	0.0430299546181	-0.248435295988	-0.193747289906
RPLP1	0.0	0.0346271403182	0.0430299546181	0.450381359948	0.0161215378377
F10	0.0	0.0346271403182	0.0430299546181	0.227915941439	0.237042914367
NID1	0.0	0.0346271403182	0.0430299546181	0.244446687759	0.220386324297
MAN1A1	0.0	0.0346271403182	0.0430299546181	0.253740312421	0.208654048885
SNORA45A	0.0	0.0346271403182	0.0430299546181	0.445605134908	0.0161215378377
SDF4	0.0	0.0346271403182	0.0430299546181	-0.261834710601	-0.167323947449
MTRNR2L2	0.0	0.0346271403182	0.0430299546181	0.170683616879	0.285186662247
ACKR4	0.0	0.0346271403182	0.0430299546181	-0.236796322032	-0.191762829804
BSG	0.0	0.0346271403182	0.0430299546181	0.162130635547	0.290836887526
BTF3	0.0	0.0346271403182	0.0430299546181	0.295906358818	0.154908408741
PRRX1	0.0	0.0346271403182	0.0430299546181	-0.223433618117	-0.20027561443
BAX	0.0	0.0346271403182	0.0430299546181	-0.205136582094	-0.215899632754
RPL23	0.0	0.0346271403182	0.0430299546181	0.430433775153	0.0161215378377
LTBP1	0.0	0.0346271403182	0.0430299546181	0.275038690258	0.17074577291
ARL6IP5	0.0	0.0346271403182	0.0430299546181	0.245942812162	0.198118309389
THBS2	0.0	0.0346271403182	0.0430299546181	-0.212539624808	-0.199417840369
CD248	0.0	0.0346271403182	0.0430299546181	0.266509183702	0.170735064641
FAP	0.0	0.0346271403182	0.0430299546181	-0.235446195529	-0.17497592271
ANTXR1	0.0	0.0346271403182	0.0430299546181	-0.240967287878	-0.16872148807
LBH	0.0	0.0346271403182	0.0430299546181	-0.227315381276	-0.181477905336
GSTP1	0.0	0.0346271403182	0.0430299546181	0.25986317596	0.1712049346
GREM2	0.0	0.0346271403182	0.0430299546181	-0.222798876424	-0.180156107295
KRT19	0.0	0.0346271403182	0.0430299546181	-0.00271997044141	0.432503392268
BLOC1S5	0.0	0.0346271403182	0.0430299546181	-0.225772381596	-0.174158606145
ACTN1	0.0	0.0346271403182	0.0430299546181	-0.200240179808	-0.199694300918
TRIM29	0.0	0.0346271403182	0.0430299546181	0.207760737641	0.21878885874
NRP1	0.0	0.0346271403182	0.0430299546181	-0.200193503212	-0.19838778799
ADAMTSL4-AS1	0.0	0.0346271403182	0.0430299546181	0.230690923933	0.194231386318
SCD	-4.55978800677	0.0346271403182	0.0430299546181	-0.210226184513	-0.185441160064
DPP4	0.0	5.80581719335	0.0430299546181	-0.238331226118	-0.155482119713
ATP1B3	0.0	0.0346271403182	0.0430299546181	-0.203360570987	-0.188842266302
EXT1	0.0	0.0346271403182	0.0430299546181	-0.224452847099	-0.16741873051
RRAS2	0.0	0.0346271403182	0.0430299546181	-0.17407217495	-0.215047078465
MGAT4B	0.0	0.0346271403182	0.0430299546181	-0.220813707928	-0.167803706662
SCARNA22	0.0	0.0346271403182	0.0430299546181	-0.198247958618	-0.188821978862
MAGIX	0.0	0.0346271403182	0.0430299546181	0.155392863799	0.257934441022
RGCC	0.0	0.0346271403182	0.0430299546181	0.226262612803	0.186816324746
NNMT	0.0	0.0346271403182	0.0430299546181	0.205237168317	0.206160295683
C17ORF49	0.0	0.0346271403182	0.0430299546181	-0.174212447369	-0.21024190251
CAP1	0.0	0.0346271403182	0.0430299546181	-0.182155297092	-0.202178839985
FOXD1	0.0	0.0346271403182	0.0430299546181	-0.211340088029	-0.171763116239
GUK1	0.0	0.0346271403182	0.0430299546181	-0.193375806499	-0.184553917656
JUN	0.0	0.0346271403182	0.0430299546181	-0.192385505014	-0.184674818605
PCNA-AS1	0.0	0.0346271403182	0.0430299546181	-0.204714636941	-0.171542120738
CEP85	0.0	0.0346271403182	0.0430299546181	-0.00271997044141	0.405721251296
PRRX2	0.0	0.0346271403182	0.0430299546181	-0.205161443852	-0.170732937714
CTSA	0.0	0.0346271403182	0.0430299546181	-0.226426609698	-0.149418722137
SERINC3	0.0	0.0346271403182	0.0430299546181	0.190290730579	0.210785330256
DAB2	-4.55978800677	0.0346271403182	0.0430299546181	-0.214463733117	-0.159275246077
LOX	0.0	0.0346271403182	0.0430299546181	-0.181028294672	-0.191599736894
AKAP2	0.0	0.0346271403182	0.0430299546181	-0.186751991593	-0.185337406701
SDC4	0.0	0.0346271403182	0.0430299546181	0.220963911555	0.177826542613
P2RX6P	0.0	0.0346271403182	0.0430299546181	0.245344642409	0.153286964073
EPHB6	0.0	0.0346271403182	0.0430299546181	0.200455696262	0.195224314173
APOD	0.0	0.0346271403182	0.0430299546181	0.15364846665	0.239528757603
LOXL1	0.0	0.0346271403182	0.0430299546181	-0.197169491909	-0.167866288142
RAB32	0.0	0.0346271403182	0.0430299546181	-0.187113191477	-0.177230777576
EFEMP2	0.0	0.0346271403182	0.0430299546181	-0.180473170228	-0.182863131058
PDGFRA	0.0	0.0346271403182	0.0430299546181	-0.200607727511	-0.16272097093
GLIPR1	0.0	0.0346271403182	0.0430299546181	-0.193283255222	-0.169757580047
NDUFB2	0.0	0.0346271403182	0.0430299546181	-0.146132515612	-0.216346230532
COLEC12	0.0	0.0346271403182	0.0430299546181	-0.196269536345	-0.165872700418
MXRA8	0.0	0.0346271403182	0.0430299546181	-0.377573062877	0.0161215378377
RPS28	0.0	0.0346271403182	0.0430299546181	0.371605290671	0.0161215378377
MRPS6	0.0	0.0346271403182	0.0430299546181	-0.193441435138	-0.165875240164
ITGB5	0.0	0.0346271403182	0.0430299546181	-0.23904580574	-0.119530980703
EID1	0.0	0.0346271403182	0.0430299546181	0.196595785989	0.185833598634
AP2S1	0.0	0.0346271403182	0.0430299546181	-0.197163036249	-0.157511710886
PDIA3	0.0	0.0346271403182	0.0430299546181	-0.16841264188	-0.185808730877
TP53I11	0.0	0.0346271403182	0.0430299546181	-0.203781272702	-0.149671501141
SNORA31	0.0	0.0346271403182	0.0430299546181	-0.00271997044141	0.382213384851
EMP1	0.0	0.0346271403182	0.0430299546181	-0.00271997044141	-0.349253290351
ANPEP	0.0	0.0346271403182	0.0430299546181	0.222202037563	0.156300861885
ERGIC1	0.0	0.0346271403182	0.0430299546181	0.193035388978	0.184404488024
HOXB-AS3	0.0	0.0346271403182	0.0430299546181	-0.187182005976	-0.161844783909
AKR1C1	0.0	0.0346271403182	0.0430299546181	0.215519161604	0.160041299525
STXBP5	0.0	0.0346271403182	0.0430299546181	0.187437165314	0.187538990405
EPAS1	0.0	0.0346271403182	0.0430299546181	-0.173835498554	-0.173744128485
CNN2	0.0	0.0346271403182	0.0430299546181	-0.172126843495	-0.175330486459
LARP6	0.0	0.0346271403182	0.0430299546181	-0.196771687704	-0.14784443515
TEX29	0.0	0.0346271403182	0.0430299546181	0.161725516048	0.208501653679
LOC100506548	0.0	0.0346271403182	0.0430299546181	0.353856623207	0.0161215378377
CLDN4	0.0	0.0346271403182	0.0430299546181	0.191787298552	0.176551780809
TMEM45A	0.0	0.0346271403182	0.0430299546181	0.160727109926	0.207279960121
SEC61A1	0.0	0.0346271403182	0.0430299546181	-0.170824323254	-0.170233995182
WISP1	0.0	0.0346271403182	0.0430299546181	0.163182303865	0.20352638192
TMEM189	0.0	0.0346271403182	0.0430299546181	0.192332089055	0.172478042186
RPSA	0.0	0.0346271403182	0.0430299546181	-0.00271997044141	-0.333248268269
CAMK2N1	0.0	0.0346271403182	0.0430299546181	-0.161355793021	-0.173625493166
CAPNS1	0.0	0.0346271403182	0.0430299546181	-0.20166436621	-0.133011601682
MYL12A	0.0	0.0346271403182	0.0430299546181	-0.134511741776	-0.200000074413
INSC	0.0	0.0346271403182	0.0430299546181	0.160416680808	0.199743149286
MAT2A	0.0	0.0346271403182	0.0430299546181	0.20874755051	0.150900424104
SPHK1	0.0	0.0346271403182	0.0430299546181	-0.177323899967	-0.155310500487
HIST1H2BK	0.0	0.0346271403182	0.0430299546181	0.177649962667	0.178938967371
TCEAL4	0.0	0.0346271403182	0.0430299546181	0.15453655417	0.20115022872
TGFBR2	0.0	0.0346271403182	0.0430299546181	0.161399576771	0.194057111395
RAB7A	0.0	0.0346271403182	0.0430299546181	-0.168500532024	-0.159388939677
KRT18	0.0	0.0346271403182	0.0430299546181	-0.00271997044141	0.357166137013
C1R	0.0	0.0346271403182	0.0430299546181	0.182308720728	0.17205708511
STAT1	0.0	0.0346271403182	0.0430299546181	-0.164035514567	-0.162853498745
SNORA10	0.0	0.0346271403182	0.0430299546181	0.337108340636	0.0161215378377
NQO1	0.0	0.0346271403182	0.0430299546181	-0.14063705439	-0.183356501649
EPS8	0.0	0.0346271403182	0.0430299546181	0.157140389678	0.192577365505
NFIX	0.0	0.0346271403182	0.0430299546181	-0.203192563253	-0.119643611818
CDA	0.0	0.0346271403182	0.0430299546181	0.171529501784	0.177348036887
ABLIM3	0.0	0.0346271403182	0.0430299546181	0.190332910008	0.158257036464
ITM2C	0.0	0.0346271403182	0.0430299546181	-0.139646126962	-0.181850328147
NPTN	0.0	0.0346271403182	0.0430299546181	-0.175697607157	-0.145410260035
FHL2	-4.55978800677	-5.73656291271	-4.25996550719	-0.160934595896	-0.158373161671
RPS19	0.0	0.0346271403182	0.0430299546181	0.326432042578	0.0161215378377
LPXN	0.0	0.0346271403182	0.0430299546181	-0.166225029661	-0.148302098579
SEC22B	0.0	0.0346271403182	0.0430299546181	0.171630420429	0.169536613523
SNORA71B	0.0	0.0346271403182	0.0430299546181	0.150978342565	0.189978021867
ANGPTL2	0.0	0.0346271403182	0.0430299546181	-0.194627570516	-0.117913850397
PDIA4	0.0	0.0346271403182	0.0430299546181	-0.147902361833	-0.164588759268
RPS16	0.0	0.0346271403182	0.0430299546181	0.322064135028	0.0161215378377
EIF4G2	0.0	0.0346271403182	0.0430299546181	0.32050393166	0.0161215378377
SSR2	0.0	0.0346271403182	0.0430299546181	-0.176434291878	-0.132725899188
OSR1	0.0	0.0346271403182	0.0430299546181	-0.166219830236	-0.142387708846
ENG	0.0	0.0346271403182	0.0430299546181	-0.168469463895	-0.139788000913
CITED2	0.0	0.0346271403182	4.34602541643	0.160008416331	0.174652570638
LAMA3	0.0	0.0346271403182	0.0430299546181	0.156803608851	0.173007749339
SNORA26	0.0	0.0346271403182	0.0430299546181	-0.00271997044141	0.330986419779
PKIG	0.0	0.0346271403182	0.0430299546181	-0.174822639558	-0.125976760337
LAMA4	0.0	0.0346271403182	0.0430299546181	-0.150854686086	-0.148770952478
EPPK1	0.0	0.0346271403182	0.0430299546181	-0.00271997044141	0.326665909457
RPL38	0.0	0.0346271403182	0.0430299546181	0.470606710414	-0.146915086136
LIMA1	0.0	-5.73656291271	0.0430299546181	-0.136675829984	-0.159323346606
RPS14	0.0	0.0346271403182	0.0430299546181	0.306385586642	0.0161215378377
HSP90AB1	0.0	0.0346271403182	0.0430299546181	0.166812241848	0.155435391693
ACTN4	0.0	0.0346271403182	0.0430299546181	-0.155068837136	-0.137246647652
SNORA72	0.0	0.0346271403182	0.0430299546181	0.302847379199	0.0161215378377
ANXA11	0.0	0.0346271403182	0.0430299546181	0.148611475282	0.169828558498
CD82	0.0	0.0346271403182	0.0430299546181	0.154041665705	0.162904474937
RAB5C	0.0	0.0346271403182	0.0430299546181	-0.145799833272	-0.144134184223
LSS	0.0	0.0346271403182	0.0430299546181	-0.168392814555	-0.120767371938
SNORA14B	0.0	0.0346271403182	0.0430299546181	-0.00271997044141	-0.286301404751
